0 1 0 0 5 10 10 10 0 15 0 0 0 1 1 1 1 1 1 1 1 1 1 15 0 0 0 1 1 1 1 1 1 1 1 1 1 15 0 0 0 1 1 1 1 1 1 1 1 1 1 15 0 0 0 1 1 1 1 1 1 1 1 1 1 7
3 2 0 1 5 4 10 10 0 16 0 0 0 1 1 1 1 1 0 1 1 1 1 17 0 0 0 1 1 1 1 1 1 1 1 1 0 18 0 0 0 1 1 1 1 1 1 1 0 1 1 1 -8 1 0 1 1 1 1 0 1 1 1 1 1 15
1 3 5 1 6 6 10 10 0 19 0 0 0 1 1 1 1 0 0 1 1 1 1 0 23 0 1 1 0 1 1 1 1 1 1 1 0 15 0 0 5 0 1 1 1 1 1 1 0 1 1 2 -8 1 0 1 1 1 1 0 0 1 1 1 1 10
1 3 14 2 6 6 6 10 0 9 0 0 10 1 1 1 1 0 0 1 1 1 1 3 23 1 0 1 0 1 1 1 1 1 1 1 0 6 0 0 14 0 1 1 1 1 1 1 0 1 1 2 -8 1 0 1 1 1 1 0 0 1 1 1 1 8
2 4 3 0 2 10 10 10 0 22 0 0 0 1 1 1 1 0 0 1 1 0 1 3 23 0 0 1 0 1 1 1 1 0 1 1 0 0 -10 0 1 0 1 1 1 1 1 0 0 1 1 -1 -8 0 3 1 1 1 1 0 0 0 1 1 1 11
0 5 0 0 2 10 10 10 0 11 19 0 0 1 1 1 0 0 0 1 1 0 1 4 23 0 0 1 0 1 1 1 0 0 1 1 0 3 -10 0 0 0 1 0 1 1 1 0 0 1 1 5 -8 0 0 1 1 1 1 0 0 0 1 0 1 6
0 6 0 0 6 10 10 10 0 5 61 0 0 1 1 0 0 0 0 1 1 0 1 5 23 0 0 1 0 1 1 0 0 0 1 1 0 5 -10 0 0 0 1 0 0 1 1 0 0 1 1 8 -8 0 0 1 1 0 1 0 0 0 1 0 1 4
3 7 1 0 7 10 10 10 0 7 61 0 0 1 1 0 0 0 0 0 1 0 1 8 23 0 0 0 0 1 1 0 0 0 1 1 0 6 -10 0 0 0 1 0 0 1 1 0 0 1 0 1 -10 0 1 1 0 0 1 0 0 0 1 0 1 3
3 7 5 2 7 1 2 10 0 4 61 0 3 1 1 0 0 0 0 0 1 0 1 3 23 0 5 0 0 1 1 0 0 0 1 1 0 7 -10 1 0 0 1 0 0 1 1 0 0 1 0 4 -10 1 0 1 0 0 1 0 0 0 1 0 1 0
1 8 4 1 8 1 10 10 0 10 61 0 0 1 0 0 0 0 0 0 1 0 1 1 36 0 2 0 0 0 1 0 0 0 1 1 0 8 -10 1 0 0 1 0 0 1 1 0 0 0 0 0 -10 0 4 1 0 0 1 0 0 0 0 0 1 5
0 9 0 0 0 10 10 10 0 5 61 0 0 1 0 0 0 0 0 0 0 0 1 5 36 0 0 0 0 0 1 0 0 0 1 0 0 8 -10 0 0 0 0 0 0 1 1 0 0 0 0 7 -10 0 0 1 0 0 1 0 0 0 0 0 0 1
2 10 5 0 5 10 10 10 0 7 61 0 0 0 0 0 0 0 0 0 0 0 1 8 36 0 0 0 0 0 0 0 0 0 1 0 0 0 22 0 2 0 0 0 0 0 1 0 0 0 0 3 -10 0 5 0 0 0 1 0 0 0 0 0 0 7
0 1 8 0 9 10 10 10 1 7 0 0 8 1 1 1 1 1 1 1 1 1 1 15 0 0 0 1 1 1 1 1 1 1 1 1 1 15 0 0 0 1 1 1 1 1 1 1 1 1 1 15 0 0 0 1 1 1 1 1 1 1 1 1 1 11
3 2 14 1 4 7 10 10 1 2 0 0 14 1 1 1 1 1 1 1 1 1 0 17 0 0 0 1 1 1 1 1 1 1 1 1 0 18 0 0 0 0 1 1 1 1 1 1 1 1 1 1 -5 1 0 1 1 1 1 1 1 0 1 1 1 16
1 3 0 0 4 10 10 10 1 19 0 0 0 1 1 1 1 1 1 1 0 1 0 1 26 0 0 1 1 1 0 1 1 1 1 1 0 20 0 0 0 0 1 0 1 1 1 1 1 1 1 1 -5 0 0 1 1 1 1 0 1 0 1 1 1 2
0 6 0 1 8 2 10 10 1 2 -10 1 0 0 1 1 1 1 0 0 0 1 0 7 26 0 0 1 1 1 0 0 0 1 0 1 0 3 23 0 0 0 1 0 1 1 1 1 0 0 0 8 -5 0 0 1 1 0 0 0 0 0 1 1 1 4
0 6 5 2 8 2 4 10 1 2 -10 1 0 0 1 1 1 1 0 0 0 1 0 3 26 0 4 1 1 1 0 0 0 1 0 1 0 5 23 1 0 0 1 0 1 1 1 1 0 0 0 3 -5 0 5 1 1 0 0 0 0 0 1 1 1 3
3 7 0 2 1 3 1 10 1 4 -10 1 0 0 1 1 1 1 0 0 0 0 0 10 26 0 0 1 1 0 0 0 0 1 0 1 0 5 23 0 0 0 1 0 1 0 1 1 0 0 0 0 21 1 0 0 1 0 0 0 0 0 1 1 1 2
3 7 5 2 1 3 1 10 1 4 -10 1 0 0 1 1 1 1 0 0 0 0 0 8 26 0 2 1 1 0 0 0 0 1 0 1 0 0 23 0 5 0 1 0 1 0 1 1 0 0 0 0 21 1 0 0 1 0 0 0 0 0 1 1 1 5
1 8 0 0 0 10 10 10 1 4 -10 0 0 0 1 1 0 1 0 0 0 0 0 3 58 0 0 1 0 0 0 0 0 1 0 1 0 8 23 0 0 0 1 0 0 0 1 1 0 0 0 0 21 0 0 0 0 0 0 0 0 0 1 1 1 3
0 9 0 1 1 6 10 10 1 0 0 1 0 0 1 1 0 0 0 0 0 0 0 6 58 0 0 0 0 0 0 0 0 1 0 1 0 9 23 0 0 0 1 0 0 0 0 1 0 0 0 2 21 0 0 0 0 0 0 0 0 0 0 1 1 5
1 10 0 0 8 10 10 10 1 0 0 0 0 0 0 1 0 0 0 0 0 0 0 1 68 0 0 0 0 0 0 0 0 0 0 1 0 11 23 0 0 0 0 0 0 0 0 1 0 0 0 5 21 0 0 0 0 0 0 0 0 0 0 0 1 1
0 1 14 0 3 10 10 10 3 5 0 0 10 1 1 1 1 1 1 1 1 1 1 3 0 0 12 1 1 1 1 1 1 1 1 1 1 1 0 0 14 1 1 1 1 1 1 1 1 1 1 15 0 0 0 1 1 1 1 1 1 1 1 1 1 15
2 4 0 1 4 6 10 10 3 22 0 0 0 1 0 1 0 1 1 1 0 1 1 0 23 0 0 1 0 1 0 0 1 1 1 1 1 1 24 1 0 0 1 0 0 1 1 1 1 1 1 3 40 0 0 1 1 1 0 0 1 1 1 0 1 0
0 6 4 1 8 0 10 10 3 1 16 0 2 0 0 1 0 1 0 1 0 1 1 0 23 0 4 1 0 0 0 0 1 1 0 1 1 4 24 1 0 0 1 0 0 0 1 0 1 1 1 8 40 0 0 1 1 0 0 0 1 0 1 0 1 7
3 7 0 0 5 10 10 10 3 5 16 0 0 0 0 1 0 1 0 1 0 0 1 7 23 0 0 0 0 0 0 0 1 1 0 1 1 4 24 0 0 0 0 0 0 0 1 0 1 1 1 1 40 0 0 1 1 0 0 0 1 0 1 0 0 2
1 9 3 1 6 9 10 10 3 1 16 0 0 0 0 1 0 0 0 1 0 0 0 1 20 1 0 0 0 0 0 0 0 1 0 1 0 5 24 0 3 0 0 0 0 0 1 0 0 0 1 7 40 0 0 1 0 0 0 0 0 0 1 0 0 6
2 10 0 1 5 7 10 10 3 3 16 0 0 0 0 0 0 0 0 1 0 0 0 1 20 0 0 0 0 0 0 0 0 0 0 1 0 1 22 1 0 0 0 0 0 0 1 0 0 0 0 10 40 0 0 0 0 0 0 0 0 0 1 0 0 0
0 1 0 0 4 10 10 10 0 15 0 0 0 1 1 1 1 1 1 1 1 1 1 15 0 0 0 1 1 1 1 1 1 1 1 1 1 15 0 0 0 1 1 1 1 1 1 1 1 1 1 15 0 0 0 1 1 1 1 1 1 1 1 1 1 13
0 1 14 2 4 5 2 10 0 2 0 0 13 1 1 1 1 1 1 1 1 1 1 1 0 0 14 1 1 1 1 1 1 1 1 1 1 16 0 1 0 1 1 1 1 1 1 1 1 1 1 17 0 1 0 1 1 1 1 1 1 1 1 1 1 2
3 4 2 0 1 10 10 10 0 3 38 0 0 1 1 1 1 0 0 0 1 1 1 3 17 0 0 1 1 1 0 1 0 0 1 1 1 22 0 0 0 0 1 0 1 1 1 1 1 1 0 -1 -5 0 2 0 1 0 1 0 1 1 1 1 1 4
2 6 1 1 7 3 10 10 0 8 38 0 0 0 1 1 1 0 0 0 1 0 1 7 17 0 0 1 1 1 0 0 0 0 0 1 1 2 8 1 0 0 1 0 1 1 1 0 1 0 0 3 -5 0 1 0 0 0 1 0 1 1 1 1 0 3
2 6 4 2 7 3 1 10 0 5 38 0 3 0 1 1 1 0 0 0 1 0 1 9 17 1 0 1 1 1 0 0 0 0 0 1 1 2 8 1 0 0 1 0 1 1 1 0 1 0 0 0 -5 0 4 0 0 0 1 0 1 1 1 1 0 2
0 7 0 0 2 10 10 10 0 3 49 0 0 0 0 1 1 0 0 0 1 0 1 9 17 0 0 0 1 1 0 0 0 0 0 1 1 2 8 0 0 0 1 0 1 1 1 0 0 0 0 7 -5 0 0 0 0 0 0 0 1 1 1 1 0 2
3 9 1 0 6 10 10 10 0 7 49 0 0 0 0 0 1 0 0 0 1 0 0 1 36 0 0 0 1 1 0 0 0 0 0 0 0 6 8 0 0 0 1 0 0 1 0 0 0 0 0 3 -5 0 1 0 0 0 0 0 0 1 0 1 0 0
2 10 0 2 1 8 7 10 0 8 49 0 0 0 0 0 0 0 0 0 1 0 0 3 36 0 0 0 1 0 0 0 0 0 0 0 0 5 37 1 0 0 1 0 0 0 0 0 0 0 0 9 -5 1 0 0 0 0 0 0 0 0 0 1 0 0
0 1 8 0 2 10 10 10 1 7 0 0 8 1 1 1 1 1 1 1 1 1 1 15 0 0 0 1 1 1 1 1 1 1 1 1 1 15 0 0 0 1 1 1 1 1 1 1 1 1 1 15 0 0 0 1 1 1 1 1 1 1 1 1 1 10
0 1 12 2 2 1 8 10 1 3 0 0 12 1 1 1 1 1 1 1 1 1 1 5 0 0 10 1 1 1 1 1 1 1 1 1 1 16 0 1 0 1 1 1 1 1 1 1 1 1 1 17 0 1 0 1 1 1 1 1 1 1 1 1 1 4
0 2 0 1 9 0 10 10 1 1 13 1 0 1 1 0 1 1 1 1 1 1 1 18 0 0 0 1 0 1 1 1 1 1 1 1 1 16 0 0 0 1 1 1 1 1 1 1 1 0 1 17 0 0 0 1 1 1 1 1 0 1 1 1 1 1
0 2 11 1 9 0 10 10 1 1 13 1 0 1 1 0 1 1 1 1 1 1 1 17 0 0 1 1 0 1 1 1 1 1 1 1 1 9 0 0 7 1 1 1 1 1 1 1 1 0 1 6 0 0 11 1 1 1 1 1 0 1 1 1 1 16
1 3 0 0 2 10 10 10 1 1 13 0 0 1 1 0 1 1 1 1 1 1 0 1 3 0 0 0 0 1 1 1 1 1 1 1 1 18 0 0 0 1 0 1 1 1 1 1 1 0 1 20 0 0 0 1 1 1 1 1 0 1 1 1 0 1
3 4 3 1 8 5 10 10 1 4 13 1 0 1 1 0 1 1 1 0 1 1 0 4 3 0 0 0 0 0 1 1 1 1 1 1 1 19 0 0 0 0 0 1 1 1 1 1 1 0 1 8 14 0 3 1 1 0 1 1 0 1 1 1 0 0
3 6 7 1 7 7 10 10 1 7 13 1 0 0 1 0 1 1 0 0 1 1 0 9 3 0 0 0 0 0 1 1 1 0 0 1 1 4 15 0 0 0 0 1 1 0 1 1 1 0 0 1 12 0 7 1 0 0 1 1 0 1 1 0 0 0
3 7 3 1 4 4 10 10 1 4 13 0 3 0 1 0 1 1 0 0 0 1 0 11 3 0 0 0 0 0 1 1 1 0 0 0 1 7 15 0 0 0 0 1 1 0 0 1 1 0 0 2 4 1 0 1 0 0 1 1 0 1 0 0 0 6
3 7 8 2 4 4 4 10 1 -1 13 0 8 0 1 0 1 1 0 0 0 1 0 5 3 0 6 0 0 0 1 1 1 0 0 0 1 9 15 1 0 0 0 1 1 0 0 1 1 0 0 2 4 1 0 1 0 0 1 1 0 1 0 0 0 5
0 9 0 1 8 9 10 10 1 1 35 1 0 0 0 0 1 0 0 0 0 1 0 1 56 0 0 0 0 0 0 0 1 0 0 0 1 12 15 0 0 0 0 0 0 0 0 1 1 0 0 4 4 0 0 1 0 0 1 0 0 0 0 0 0 1
0 1 0 0 4 10 10 10 0 15 0 0 0 1 1 1 1 1 1 1 1 1 1 15 0 0 0 1 1 1 1 1 1 1 1 1 1 15 0 0 0 1 1 1 1 1 1 1 1 1 1 15 0 0 0 1 1 1 1 1 1 1 1 1 1 5
0 1 11 0 4 10 10 10 0 10 0 0 5 1 1 1 1 1 1 1 1 1 1 8 0 0 7 1 1 1 1 1 1 1 1 1 1 6 0 0 9 1 1 1 1 1 1 1 1 1 1 4 0 0 11 1 1 1 1 1 1 1 1 1 1 9
1 2 10 1 7 0 10 10 0 18 0 0 0 1 1 1 1 0 1 1 1 1 1 0 43 1 0 1 1 1 1 0 1 1 1 1 1 14 0 0 2 1 0 1 1 1 1 1 1 1 1 7 0 0 10 1 1 0 1 1 1 1 1 1 1 0
3 3 0 1 0 2 10 10 0 20 0 0 0 1 1 1 1 0 1 1 1 1 0 0 43 0 0 1 1 1 1 0 1 1 0 1 1 19 0 0 0 0 0 1 1 1 1 1 1 1 1 1 0 1 0 1 1 0 1 1 1 1 1 0 1 12
3 3 13 2 0 2 3 10 0 8 0 0 12 1 1 1 1 0 1 1 1 1 0 2 43 1 0 1 1 1 1 0 1 1 0 1 1 6 0 0 13 0 0 1 1 1 1 1 1 1 1 1 0 1 0 1 1 0 1 1 1 1 1 0 1 5
3 3 19 2 0 2 3 10 0 3 0 0 17 1 1 1 1 0 1 1 1 1 0 2 43 1 0 1 1 1 1 0 1 1 0 1 1 0 0 0 19 0 0 1 1 1 1 1 1 1 1 1 0 1 0 1 1 0 1 1 1 1 1 0 1 0
2 4 2 1 4 1 10 10 0 23 0 0 0 1 1 0 1 0 1 1 1 1 0 2 43 0 0 1 1 1 0 0 1 1 0 1 1 1 14 1 0 0 0 1 1 1 1 1 0 1 1 -1 0 0 2 0 1 0 1 1 1 1 1 0 1 6
0 5 0 0 5 10 10 10 0 17 28 0 0 1 1 0 1 0 1 1 1 0 0 4 43 0 0 1 1 0 0 0 1 1 0 1 1 1 14 0 0 0 0 1 1 0 1 1 0 1 1 4 0 0 0 0 0 0 1 1 1 1 1 0 1 3
0 5 4 2 5 8 8 10 0 14 28 0 3 1 1 0 1 0 1 1 1 0 0 5 43 1 0 1 1 0 0 0 1 1 0 1 1 3 14 1 0 0 0 1 1 0 1 1 0 1 1 0 0 0 4 0 0 0 1 1 1 1 1 0 1 3
0 6 0 0 0 10 10 10 0 11 39 0 0 1 1 0 1 0 0 1 1 0 0 5 43 0 0 1 1 0 0 0 1 1 0 0 1 3 14 0 0 0 0 1 1 0 1 1 0 0 1 7 0 0 0 0 0 0 0 1 1 1 1 0 1 9
0 7 0 0 3 10 10 10 0 2 73 0 0 0 1 0 1 0 0 1 1 0 0 6 43 0 0 1 0 0 0 0 1 1 0 0 1 5 14 0 0 0 0 1 0 0 1 1 0 0 1 10 0 0 0 0 0 0 0 0 1 1 1 0 1 1
3 8 1 0 5 10 10 10 0 3 73 0 0 0 1 0 0 0 0 1 1 0 0 8 43 0 0 1 0 0 0 0 1 0 0 0 1 8 14 0 0 0 0 1 0 0 0 1 0 0 1 1 1 0 1 0 0 0 0 0 1 0 1 0 1 0
2 9 1 1 9 9 10 10 0 4 73 0 0 0 1 0 0 0 0 0 1 0 0 11 43 0 0 0 0 0 0 0 1 0 0 0 1 1 20 1 0 0 0 0 0 0 0 1 0 0 1 3 1 0 1 0 0 0 0 0 0 0 1 0 1 0
0 1 11 0 3 10 10 10 1 4 0 0 11 1 1 1 1 1 1 1 1 1 1 15 0 0 0 1 1 1 1 1 1 1 1 1 1 15 0 0 0 1 1 1 1 1 1 1 1 1 1 15 0 0 0 1 1 1 1 1 1 1 1 1 1 15
0 3 0 1 6 6 10 10 1 1 8 1 0 1 0 1 0 1 1 1 1 1 1 1 22 0 0 0 1 1 1 1 0 1 1 1 1 18 0 0 0 1 0 0 1 1 1 1 1 1 1 20 0 0 0 0 1 1 1 1 1 0 1 1 1 2
3 4 2 1 2 7 10 10 1 -1 8 0 2 1 0 1 0 1 1 0 1 1 1 3 22 0 0 0 1 1 1 1 0 0 1 1 1 21 0 0 0 1 0 0 1 1 1 1 0 1 1 1 -18 1 0 0 1 1 1 1 1 0 1 1 0 3
2 5 2 2 0 5 2 10 1 5 8 1 0 1 0 1 0 1 1 0 0 1 1 6 22 0 0 0 1 1 1 0 0 0 1 1 1 -1 30 0 2 1 0 0 1 0 1 1 0 1 1 2 -18 1 0 0 1 0 1 1 1 0 1 1 0 6
0 8 0 1 8 8 10 10 1 2 8 1 0 0 0 0 0 1 1 0 0 1 0 2 38 0 0 0 0 1 0 0 0 0 1 1 0 8 30 0 0 0 0 0 1 0 1 1 0 0 0 4 -7 0 0 0 1 0 0 1 0 0 0 1 0 2
2 9 3 1 5 8 10 10 1 -1 8 0 3 0 0 0 0 1 1 0 0 0 0 5 38 0 0 0 0 1 0 0 0 0 1 0 0 1 35 1 0 0 0 0 1 0 1 0 0 0 0 5 -7 0 1 0 0 0 0 1 0 0 0 1 0 4
3 10 1 1 4 4 10 10 1 5 8 1 0 0 0 0 0 1 0 0 0 0 0 8 38 0 0 0 0 0 0 0 0 0 1 0 0 1 35 0 0 0 0 0 1 0 0 0 0 0 0 0 1 0 1 0 0 0 0 1 0 0 0 0 0 8
0 1 13 0 0 10 10 10 3 10 0 0 5 1 1 1 1 1 1 1 1 1 1 8 0 0 7 1 1 1 1 1 1 1 1 1 1 2 0 0 13 1 1 1 1 1 1 1 1 1 1 15 0 0 0 1 1 1 1 1 1 1 1 1 1 0
2 2 0 1 8 0 10 10 3 17 0 0 0 0 1 1 1 1 1 1 1 1 1 18 0 0 0 1 1 1 1 1 0 1 1 1 1 1 6 1 0 0 1 1 1 1 1 1 1 1 1 16 0 0 0 1 1 1 1 1 1 1 1 0 1 3
0 3 4 2 9 8 1 10 3 0 14 1 0 0 1 1 1 1 1 0 1 1 1 17 0 0 4 1 1 1 0 1 0 1 1 1 1 3 6 1 0 0 1 1 1 1 1 1 1 0 1 18 0 0 0 0 1 1 1 1 1 1 1 0 1 6
0 3 13 2 9 8 1 10 3 0 14 1 0 0 1 1 1 1 1 0 1 1 1 8 0 0 13 1 1 1 0 1 0 1 1 1 1 3 6 1 0 0 1 1 1 1 1 1 1 0 1 12 0 0 6 0 1 1 1 1 1 1 1 0 1 12
1 4 0 2 0 4 7 10 3 0 14 0 0 0 1 1 1 1 1 0 1 1 0 1 0 1 0 1 1 1 0 1 0 1 1 0 1 5 6 1 0 0 0 1 1 1 1 1 1 0 1 21 0 0 0 0 1 1 1 1 0 1 1 0 1 14
3 5 0 0 2 10 10 10 3 3 14 0 0 0 1 1 1 1 0 0 1 1 0 1 0 0 0 0 1 1 0 1 0 1 1 0 1 5 6 0 0 0 0 1 1 0 1 1 1 0 1 7 10 0 0 0 1 1 1 1 0 1 0 0 1 3
3 5 5 2 2 4 6 10 3 4 14 1 0 0 1 1 1 1 0 0 1 1 0 3 0 1 0 0 1 1 0 1 0 1 1 0 1 0 6 0 5 0 0 1 1 0 1 1 1 0 1 4 10 0 3 0 1 1 1 1 0 1 0 0 1 3
3 6 0 0 1 10 10 10 3 4 14 0 0 0 1 1 1 0 0 0 1 1 0 3 0 0 0 0 1 1 0 1 0 0 1 0 1 8 6 0 0 0 0 1 1 0 1 0 1 0 1 1 23 0 0 0 1 0 1 1 0 1 0 0 1 0
2 7 0 1 3 3 10 10 3 7 14 0 0 0 1 0 1 0 0 0 1 1 0 5 0 0 0 0 1 1 0 1 0 0 1 0 0 1 11 1 0 0 0 1 1 0 1 0 1 0 0 2 23 0 0 0 0 0 1 1 0 1 0 0 1 2
0 8 1 2 7 4 5 10 3 0 41 0 1 0 1 0 1 0 0 0 1 0 0 8 0 1 0 0 0 1 0 1 0 0 1 0 0 3 11 1 0 0 0 1 0 0 1 0 1 0 0 5 23 0 0 0 0 0 0 1 0 1 0 0 1 0
0 9 3 1 3 7 10 10 3 1 43 1 0 0 1 0 1 0 0 0 0 0 0 7 0 0 1 0 0 1 0 0 0 0 1 0 0 0 11 0 3 0 0 1 0 0 0 0 1 0 0 8 23 0 0 0 0 0 0 1 0 0 0 0 1 0
1 10 1 1 2 7 10 10 3 1 43 0 0 0 1 0 0 0 0 0 0 0 0 0 0 0 1 0 0 1 0 0 0 0 0 0 0 7 11 1 0 0 0 0 0 0 0 0 1 0 0 10 23 0 0 0 0 0 0 1 0 0 0 0 0 2
0 1 0 0 1 10 10 10 0 15 0 0 0 1 1 1 1 1 1 1 1 1 1 15 0 0 0 1 1 1 1 1 1 1 1 1 1 15 0 0 0 1 1 1 1 1 1 1 1 1 1 15 0 0 0 1 1 1 1 1 1 1 1 1 1 7
0 1 14 2 1 9 0 10 0 8 0 0 7 1 1 1 1 1 1 1 1 1 1 1 0 0 14 1 1 1 1 1 1 1 1 1 1 16 0 1 0 1 1 1 1 1 1 1 1 1 1 17 0 1 0 1 1 1 1 1 1 1 1 1 1 9
3 4 0 1 2 6 10 10 0 2 8 0 0 1 0 0 1 0 1 1 1 1 1 1 15 0 0 0 1 0 1 1 1 1 1 1 0 22 0 0 0 0 0 1 1 0 1 1 1 1 1 7 16 1 0 1 1 1 1 0 1 1 0 1 0 0
2 6 1 1 9 8 10 10 0 5 8 0 0 1 0 0 1 0 1 0 0 1 1 6 15 0 0 0 0 0 1 0 1 1 1 1 0 1 18 1 0 0 0 0 1 0 1 1 0 1 1 9 16 0 1 0 1 0 1 0 1 1 0 1 0 3
3 7 2 0 1 10 10 10 0 8 8 0 0 1 0 0 0 0 1 0 0 1 1 8 15 0 0 0 0 0 1 0 1 1 1 0 0 1 18 0 0 0 0 0 1 0 1 1 0 1 0 1 16 0 2 0 1 0 1 0 1 1 0 0 0 4
3 7 5 2 1 5 6 10 0 4 8 0 4 1 0 0 0 0 1 0 0 1 1 3 15 0 5 0 0 0 1 0 1 1 1 0 0 2 18 1 0 0 0 0 1 0 1 1 0 1 0 5 16 1 0 0 1 0 1 0 1 1 0 0 0 2
0 8 0 0 9 10 10 10 0 2 19 0 0 1 0 0 0 0 0 0 0 1 1 11 15 0 0 0 0 0 1 0 1 0 1 0 0 2 18 0 0 0 0 0 0 0 1 1 0 1 0 5 16 0 0 0 0 0 1 0 1 1 0 0 0 1
1 9 4 1 7 5 10 10 0 5 19 0 0 1 0 0 0 0 0 0 0 1 0 5 15 0 3 0 0 0 0 0 1 0 1 0 0 4 18 1 0 0 0 0 0 0 1 1 0 0 0 3 16 0 4 0 0 0 1 0 0 1 0 0 0 0
1 10 1 2 5 6 3 10 0 7 19 0 0 1 0 0 0 0 0 0 0 0 0 1 10 1 0 0 0 0 0 0 1 0 0 0 0 6 18 1 0 0 0 0 0 0 0 1 0 0 0 9 16 0 1 0 0 0 1 0 0 0 0 0 0 7
0 2 14 1 3 3 10 10 3 1 11 1 0 1 0 1 1 1 1 1 1 1 1 3 0 0 13 0 1 1 1 1 1 1 1 1 1 3 0 0 14 0 1 1 1 1 1 1 1 1 1 18 0 0 0 1 1 1 1 1 0 1 1 1 1 15
0 2 16 2 3 3 7 10 3 1 11 1 0 1 0 1 1 1 1 1 1 1 1 0 0 0 16 0 1 1 1 1 1 1 1 1 1 19 0 1 0 0 1 1 1 1 1 1 1 1 1 3 0 0 15 1 1 1 1 1 0 1 1 1 1 2
3 3 0 0 1 10 10 10 3 1 11 0 0 1 0 1 0 1 1 1 1 1 1 19 0 0 0 0 1 1 0 1 1 1 1 1 1 19 0 0 0 0 1 1 1 1 1 1 0 1 1 1 29 0 0 1 1 1 1 0 0 1 1 1 1 1
2 6 2 0 1 10 10 10 3 6 11 0 0 0 0 1 0 1 0 1 1 0 1 10 34 0 0 0 1 0 0 1 1 0 1 1 0 1 0 0 2 0 1 1 1 0 1 1 0 0 0 5 29 0 0 1 0 0 1 0 0 1 1 0 1 3
1 7 2 0 7 10 10 10 3 9 11 0 0 0 0 1 0 0 0 1 1 0 1 2 39 0 1 0 1 0 0 1 0 0 1 1 0 2 0 0 2 0 0 1 1 0 1 1 0 0 0 7 29 0 0 1 0 0 1 0 0 1 1 0 0 3
0 8 4 1 2 1 10 10 3 -1 6 0 2 0 0 1 0 0 0 1 0 0 1 0 39 0 4 0 1 0 0 1 0 0 0 1 0 7 0 1 0 0 0 1 1 0 0 1 0 0 0 10 29 0 0 1 0 0 0 0 0 1 1 0 0 6
3 9 0 0 7 10 10 10 3 3 6 0 0 0 0 0 0 0 0 1 0 0 1 7 39 0 0 0 0 0 0 1 0 0 0 1 0 7 0 0 0 0 0 1 0 0 0 1 0 0 0 4 56 0 0 0 0 0 0 0 0 1 1 0 0 2
