0 1 1 15 0 1 1 1 1 1 1 1 1 1 1 15 0 1 1 1 1 1 1 1 1 1 1 15 0 1 1 1 1 1 1 1 1 1 1 15 0 1 1 1 1 1 1 1 1 1 1 8
1 2 1 18 0 1 1 1 0 1 1 1 1 1 1 0 19 1 1 1 1 1 1 1 1 0 1 17 0 1 1 1 1 1 1 0 1 1 1 16 0 1 1 0 1 1 1 1 1 1 1 5
0 3 1 -1 8 1 1 0 0 1 1 1 1 1 1 1 19 1 1 1 1 1 0 1 1 0 1 20 0 1 1 1 1 1 1 0 1 0 1 18 0 1 1 0 1 1 1 0 1 1 1 3
2 4 1 0 8 1 1 0 0 1 1 1 1 1 0 3 19 1 1 1 0 1 0 1 1 0 1 9 3 1 1 1 1 1 0 0 1 0 1 21 0 0 1 0 1 1 1 0 1 1 1 0
3 5 1 1 8 1 1 0 0 1 1 0 1 1 0 5 19 0 1 1 0 1 0 1 1 0 1 12 3 1 0 1 1 1 0 0 1 0 1 12 8 0 0 0 1 1 1 0 1 1 1 6
2 6 1 2 8 0 1 0 0 1 1 0 1 1 0 8 19 0 1 1 0 1 0 0 1 0 1 4 8 1 0 1 1 0 0 0 1 0 1 14 8 0 0 0 1 1 1 0 0 1 1 2
1 7 1 5 8 0 1 0 0 1 1 0 0 1 0 4 26 0 1 0 0 1 0 0 1 0 1 6 8 1 0 1 1 0 0 0 0 0 1 15 8 0 0 0 1 0 1 0 0 1 1 9
3 8 1 6 8 0 1 0 0 1 0 0 0 1 0 6 26 0 1 0 0 1 0 0 1 0 0 9 8 1 0 1 0 0 0 0 0 0 1 7 8 0 0 0 1 0 1 0 0 1 0 7
2 9 1 7 8 0 1 0 0 0 0 0 0 1 0 8 26 0 1 0 0 1 0 0 0 0 0 0 0 1 0 1 0 0 0 0 0 0 0 10 8 0 0 0 1 0 0 0 0 1 0 1
3 10 1 9 8 0 1 0 0 0 0 0 0 0 0 11 26 0 0 0 0 1 0 0 0 0 0 1 0 0 0 1 0 0 0 0 0 0 0 5 16 0 0 0 1 0 0 0 0 0 0 4
0 1 3 15 0 1 1 1 1 1 1 1 1 1 1 15 0 1 1 1 1 1 1 1 1 1 1 15 0 1 1 1 1 1 1 1 1 1 1 15 0 1 1 1 1 1 1 1 1 1 1 7
2 2 3 17 0 1 1 1 1 1 1 1 1 0 1 18 0 1 1 1 1 0 1 1 1 1 1 -1 18 0 1 1 1 1 1 1 1 1 1 16 0 1 1 1 1 1 1 1 0 1 1 4
1 3 3 20 0 1 1 1 1 1 1 1 1 0 0 -1 5 1 1 1 1 0 1 1 1 1 0 0 18 0 0 1 1 1 1 1 1 1 1 18 0 1 1 1 1 0 1 1 0 1 1 5
0 4 3 2 -13 1 1 1 1 1 0 1 1 0 0 0 5 1 1 1 1 0 1 1 0 1 0 2 18 0 0 1 1 1 1 0 1 1 1 21 0 1 1 1 1 0 0 1 0 1 1 9
3 5 3 5 -13 1 1 1 1 1 0 1 0 0 0 1 5 1 1 1 1 0 1 1 0 0 0 4 18 0 0 0 1 1 1 0 1 1 1 18 0 1 1 1 1 0 0 1 0 1 0 2
3 6 3 6 -13 1 1 1 1 0 0 1 0 0 0 3 5 1 1 0 1 0 1 1 0 0 0 7 18 0 0 0 1 0 1 0 1 1 1 3 46 1 1 0 1 0 0 1 0 1 0 0
2 7 3 7 -13 1 1 1 0 0 0 1 0 0 0 5 5 1 1 0 1 0 1 0 0 0 0 2 19 0 0 0 1 0 1 0 0 1 1 6 46 0 1 0 1 0 0 1 0 1 0 6
1 8 3 8 -13 1 0 1 0 0 0 1 0 0 0 0 3 0 1 0 1 0 1 0 0 0 0 4 19 0 0 0 1 0 1 0 0 1 0 9 46 0 1 0 1 0 0 0 0 1 0 3
3 9 3 11 -13 1 0 1 0 0 0 0 0 0 0 1 3 0 1 0 1 0 0 0 0 0 0 6 19 0 0 0 1 0 0 0 0 1 0 0 52 0 1 0 0 0 0 0 0 1 0 1
0 10 3 3 17 0 0 1 0 0 0 0 0 0 0 3 3 0 1 0 0 0 0 0 0 0 0 9 19 0 0 0 0 0 0 0 0 1 0 1 52 0 0 0 0 0 0 0 0 1 0 8
0 1 2 15 0 1 1 1 1 1 1 1 1 1 1 15 0 1 1 1 1 1 1 1 1 1 1 15 0 1 1 1 1 1 1 1 1 1 1 15 0 1 1 1 1 1 1 1 1 1 1 8
1 2 2 18 0 1 1 1 1 1 1 1 0 1 1 0 15 1 1 1 1 0 1 1 1 1 1 16 0 1 1 1 1 1 1 1 1 0 1 17 0 1 1 1 1 1 1 1 1 0 1 9
0 3 2 0 8 1 0 1 1 1 1 1 0 1 1 1 15 0 1 1 1 0 1 1 1 1 1 18 0 1 1 1 1 1 1 1 1 0 0 20 0 1 1 1 0 1 1 1 1 0 1 0
3 4 2 1 8 1 0 1 1 0 1 1 0 1 1 3 15 0 1 1 1 0 1 0 1 1 1 21 0 0 1 1 1 1 1 1 1 0 0 3 13 1 1 1 0 1 0 1 1 0 1 4
2 5 2 2 8 1 0 1 0 0 1 1 0 1 1 5 15 0 1 1 1 0 1 0 1 0 1 7 29 0 1 1 1 0 1 1 1 0 0 6 13 0 1 1 0 1 0 1 1 0 1 2
2 6 2 3 8 0 0 1 0 0 1 1 0 1 1 8 15 0 1 0 1 0 1 0 1 0 1 -1 56 0 1 0 1 0 1 1 1 0 0 8 13 0 1 0 0 1 0 1 1 0 1 7
3 7 2 5 8 0 0 1 0 0 1 1 0 1 0 11 15 0 1 0 1 0 0 0 1 0 1 0 56 0 1 0 1 0 1 1 0 0 0 1 -3 0 1 0 0 1 0 1 0 0 1 3
1 8 2 8 8 0 0 1 0 0 1 0 0 1 0 5 47 0 1 0 0 0 0 0 1 0 1 1 56 0 1 0 0 0 1 1 0 0 0 3 -3 0 1 0 0 0 0 1 0 0 1 6
0 9 2 0 8 0 0 0 0 0 1 0 0 1 0 7 47 0 1 0 0 0 0 0 0 0 1 2 56 0 1 0 0 0 1 0 0 0 0 6 -3 0 0 0 0 0 0 1 0 0 1 1
1 10 2 1 8 0 0 0 0 0 0 0 0 1 0 2 47 0 1 0 0 0 0 0 0 0 0 5 56 0 0 0 0 0 1 0 0 0 0 8 -3 0 0 0 0 0 0 1 0 0 0 5
